1750
738
357
2178
667
681
403
328
6226
2306
2216
1799
768
2709
1856
849
5723
569
680
1710
2801
1155
995
1664
555
991
1301
16610
4998
523
3646
1607
1113
4673
4742
8501
12110
2661
2008
2507
1
2
3
4
5
6
7
8
9
10
11
12
13
14
15
16
17
18
19
20
21
22
23
24
25
26
27
28
29
30
31
32
33
34
35
36
37
38
39
40
41
42
43
44
45
46
47
48
49
50
51
52
53
54
55
56
57
58
59
60
61
62
63
64
65
66
67
68
69
70
71
72
73
74
75
76
77
78
79
80
81
82
83
84
85
86
87
88
89
90
91
92
93
94
95
96
97
98
99
100
101
102
103
104
105
106
107
108
109
110
111
112
113
114
115
116
117
118
119
120
121
122
123
124
125
126
127
128
129
130
131
132
133
134
135
136
137
138
139
140
141
142
143
144
145
146
147
148
149
150
151
152
153
154
155
156
157
158
159
160
161
162
163
164
165
166
167
168
169
170
171
172
173
174
175
176
177
178
179
180
181
182
183
184
185
186
187
188
189
190
191
192
193
194
195
196
197
198
199
200
201
202
203
204
205
206
207
208
209
210
211
212
213
214
215
216
217
218
219
220
221
222
223
224
225
226
227
228
229
230
231
232
233
234
235
236
237
238
239
240
241
242
243
244
245
246
247
248
249
250
251
252
253
254
255
256
257
258
259
260
261
262
263
264
265
266
267
268
269
270
271
272
273
274
275
276
277
278
279
280
281
282
283
284
285
286
287
288
289
290
291
292
293
294
295
296
297
298
299
300
300
13345
22270
169
186
5107
183
859
2176
3396
1544
7220
3710
2774
6580
5015
3560
6511
15069
2258
3937
1999
1893
2061
5543
1660
3512
351
1890
3002
1647
1964
3645
1618
2254
1970
4332
4182
1649
2856
30705
2530
8918
1037
2243
3906
2525
2470
2415
1732
1562
3258
853
1176
1039
4503
2
1447
5687
21437
2554
1097
10317
